1381204776
557641630
3487943061
557068538
3947341567
3862209314
1366115979
3908857546
272637435
2703267073
348967540
1947360660
2831974595
598567823
261930768
3330761374
307925050
2085669178
2434840793
918133274
1490639036
3317098818
3183548509
3556258735
1019088573
4021323086
1875250965
4141128750
837193215
196114396
3083938836
3060661198
1997674511
3419249126
2777671279
1314999042
4046763772
1615593656
3942949563
1504488238
1696241627
496972879
3935136384
1760076277
3023422725
1450711269
3063355872
293622257
2641080468
187993577
4144403706
2611195928
3364364553
528836253
219491193
2055165098
2685969924
784955514
649339628
2158227981
1756721727
555672493
2978258117
620217926
