15556715099734425374
2361989294712091457
2108724814564601377
11415728393242846931
5356179039581144033
11470896891471141032
4528222657540956321
14194496200415783569
9285748400994453350
13266794718530728739
7931303983076921165
11935981544477544849
2403159107950590849
2141542790103780911
4867416322107855626
13812040956998134426
11370873913689591490
3442074148541577751
502564678724845251
3258606160526587443
12707280335005272206
8112529847725791623
8741538308528138704
2051301428629769262
13373411103782341977
7289709377002319531
9053564674805237383
8036969989153845112
5365237614617680414
13114929438135570216
2736258973728852108
7443718766438462669
11623217513339403109
10685789432545967689
13230194412746304756
714749857019190795
2953824081792165965
6544053078259313358
16448315773920870150
5234933670965581591
9315124050552032352
912572834666200181
8990284885207376815
3416909195968340685
9794710968483334046
14548252074463990360
11907405952926392602
10708875433078768806
15195187941375729486
13332960219574016913
6643841760792222752
8907184297589903807
11078296646879353878
3534241247536220699
17927759453080688587
17103411540039740042
15582626463888371522
12344676957074601524
183654484234934076
17694154113205242520
12167970062096677264
9991087518071557074
9239652814185040662
3318650965902869039
