2203765242998902346
9766675259278438269
9921917748884392476
5260893759091127557
7615457286942445384
9916461854619673261
17007479529722892719
1711344370378418636
844956166602616801
14338885173313403671
11001478818172099420
9270601661832688070
7631260397771301204
4032893431236829063
2357839664725016279
13848602565107077866
2773088074360088351
4234186627527575568
11989304081425219304
3154151876939316268
2943624332687626559
6094223804440573784
13703681544274436076
15862851684322891397
7648260334071133648
16594400330031913494
10335038510491006296
6164881332168418753
12301590204403416681
220565645925959952
8775567317471929655
10699264781920425809
17045570332563639469
9457862916021489644
13753573424849156748
15667722817597387587
4764247338936358553
8403374897761939221
5502060742933037525
10142756889296128624
11168546710256640869
5125061178143740692
8380929546058255759
4303061416313784837
7443060812925210002
6699494687456575088
2695586376530023212
1927249486261733399
2295140535248746626
5487929326079697874
12592078776603994193
1159090426495419787
663991343595872827
6772222937450363327
15128179229228041648
8644660064187653770
11139904959548235005
9788833105624779789
307884932621355308
1176020070520378023
13703044557313848127
16768115014330619243
12606856596633620038
17988821012646368781
